$ANSIBLE_VAULT;1.1;AES256
61313234346265376134643862353836333538633833613535653637623165336538393266363636
3033383933333336346365333638333536616330366461390a373332613534313837653135613634
61393936313834633734623632626462373365386532393564666433363661373839623739393034
6465666130363562610a666639373234353334366237313137373630383531623962666331633330
33343161363163303938363238653837316634333237393734336431623661376531623634343739
34656535333062386230656461323762653039373936623230343337373837626161646531383738
38613933326136373461313035663434333865383262316366326330343063646266646131623232
37303437363931313564373465396563333034303363383666333533643566383561386665353033
33613939626236613066623563343966303735323863363764383839643739623031386536653738
34643230623130333133373133333735313136386235386661313166363465323335326138366338
646630363066653735393232386662666139
